titulo:  tensão plana
38
coordenadas dos nos
1 0 0 
2 1000 0
3 2000 0
4 2184.53 0
5 2415.4702 0 
6 2600 0 
7 3600 0 
8 4600 0
9 4600 700 
10 3600 700
11 2600 700
12 2415.4702 700
13 2184.53 700
14 2000 700
15 1000 700
16 0 700
17 0 900
18 1000 900
19 2000 900 
20 2600 900
21 3600 900
22 4600 900
23 4600 1100
24 3600 1100
25 2600 1100
26 2415.4702 1100 
27 2184.53 1100
28 2000 1100
29 1000 1100
30 0 1100
31 0 1400
32 1000 1400
33 2000 1400
34 2184.53 1400
35 2415.4702 1400
36 2600 1400
37 3600 1400
38 4600 1400
%
matrix de incidencias/conectividades
26 
1    1  4 1 2 15 16  
2    1  4 2 3 14 15 
3    1  4 3 4 13 14
4    1  4 4 5 12 13
5    1  4 5 6 11 12
6    1  4 6 7 10 11
7    1  4 7 8  9 10
8    1  4 10 9 22 21
9    1  4 11 10 21 20
10   1  3 11 12 20 0  
11   1  3 14 13 19 0
12   1  4 15 14 19 18 
13   1  4 16 15 18 17  
14   1  4 17 18 29 30
15   1  4 18 19 28 29  
16   1  3 28 27 19 0
17   1  3 25 26 20 0  
18   1  4 20 21 24 25
19   1  4 21 22 23 24
20   1  4 24 23 38 37
21   1  4 25 24 37 36
22   1  4 26 25 36 35
23   1  4 27 26 35 34
24   1  4 28 27 34 33
25   1  4 29 28 33 32     
26   1  4 30 29 32 31     
propriedades material
1 
  1  1  207000000  0.25  1 
Fontes/carregamentos distribuídos
0 
Condição fronteira essencial 
4 
  1   1   0
  1   2   0
  16  1   0
  16  2   0
  17  1   0
  17  2   0
  30  1   0
  30  2   0
  31  1   0
  31  2   0
cargas pontuais impostas  
0
tensão imposta na fronteira
4
1       8           9         20          50
2       9           22        20          50
3      22          23        20          50
4      23          38        20          50
